1405.0 3478.0 4491.0 5526.0 6539.0 6943.0 7567.0 8603.0 9409.0 NaN NaN NaN NaN NaN NaN 
357.0 2454.0 3480.0 4130.0 4494.0 5523.0 6531.0 6929.0 7555.0 7971.0 8599.0 8994.0 9621.0 
342.0 1206.0 2457.0 2867.0 3477.0 4516.0 5529.0 6540.0 7569.0 8592.0 9627.0 
1438.0 2452.0 3490.0 4498.0 5521.0 6538.0 7566.0 8613.0 9624.0 
1449.0 1830.0 2362.0 3480.0 4499.0 5519.0 6550.0 7555.0 8597.0 8987.0 9627.0 
1417.0 2448.0 3480.0 4497.0 5530.0 6537.0 6959.0 7567.0 8593.0 9626.0 
355.0 1316.0 2449.0 3472.0 4488.0 5516.0 6160.0 6537.0 6955.0 7561.0 8592.0 9630.0 
1441.0 2472.0 3480.0 4186.0 4502.0 6029.0 6559.0 7557.0 7899.0 8592.0 9639.0 
327.0 1411.0 2449.0 3468.0 4495.0 5514.0 5903.0 6538.0 7553.0 8597.0 9630.0 
320.0 1406.0 2458.0 3482.0 4503.0 5521.0 6542.0 7054.0 7448.0 8600.0 
3033.0 3406.0 4505.0 5518.0 6530.0 7409.0 8550.0 9085.0 9658.0 
1402.0 2461.0 3466.0 4500.0 4937.0 5527.0 6536.0 7569.0 8162.0 8597.0 9641.0 
1403.0 2291.0 3481.0 4501.0 4885.0 5525.0 6540.0 7566.0 8599.0 9290.0 9634.0 
327.0 2456.0 3471.0 3890.0 4496.0 5530.0 5951.0 6535.0 7553.0 8594.0 9625.0 
2472.0 3481.0 4507.0 5519.0 6393.0 7575.0 9626.0 
349.0 1403.0 1884.0 2461.0 3470.0 4502.0 5541.0 6539.0 7559.0 8588.0 9081.0 9622.0 
335.0 1431.0 2447.0 3479.0 4496.0 5514.0 5881.0 6545.0 7561.0 8594.0 9632.0 
326.0 1409.0 2448.0 3093.0 3473.0 4499.0 5521.0 6548.0 7583.0 8597.0 9017.0 9623.0 
1405.0 2461.0 2891.0 3480.0 4491.0 5516.0 6549.0 7561.0 8603.0 9618.0 
372.0 1400.0 2445.0 3471.0 4137.0 4496.0 5514.0 6549.0 7575.0 8583.0 9633.0 
381.0 1407.0 2433.0 3469.0 4505.0 5525.0 5935.0 6542.0 6952.0 7558.0 8529.0 9019.0 9645.0 
323.0 1400.0 2461.0 3484.0 4494.0 5516.0 6534.0 7570.0 8598.0 8995.0 9637.0 
2454.0 3115.0 3478.0 4488.0 5509.0 5977.0 6540.0 7560.0 7956.0 8583.0 9203.0 9619.0 
318.0 1415.0 2451.0 3416.0 4501.0 5513.0 6539.0 7567.0 8587.0 8937.0 9638.0 
364.0 1394.0 2467.0 3480.0 4499.0 5509.0 7556.0 8592.0 9025.0 9406.0 
1415.0 2460.0 3476.0 4503.0 5514.0 6540.0 7563.0 8600.0 9637.0 
1391.0 2446.0 3555.0 4502.0 4968.0 5519.0 6539.0 7561.0 8597.0 9629.0 9964.0 
310.0 818.0 2445.0 3483.0 4500.0 5517.0 6532.0 7568.0 8589.0 8965.0 9630.0 
359.0 1397.0 2446.0 3475.0 4502.0 5516.0 6537.0 6951.0 7564.0 8643.0 9623.0 
306.0 1418.0 2454.0 3486.0 4504.0 5536.0 6542.0 7566.0 8585.0 9636.0 
306.0 1452.0 2459.0 3505.0 4507.0 5513.0 7591.0 8040.0 8598.0 9022.0 9624.0 
329.0 1405.0 2448.0 3474.0 4207.0 4497.0 5521.0 6546.0 7565.0 8337.0 8610.0 9362.0 9652.0 
328.0 1435.0 2456.0 3475.0 4496.0 5528.0 6550.0 7560.0 8616.0 9632.0 
328.0 2441.0 3490.0 4502.0 5512.0 6530.0 7562.0 8610.0 9627.0 9983.0 
2449.0 3483.0 4505.0 5513.0 5950.0 6536.0 7523.0 8587.0 
305.0 1403.0 2457.0 3474.0 4503.0 5516.0 6546.0 7567.0 8600.0 8978.0 
330.0 1398.0 1796.0 2439.0 3477.0 4503.0 5521.0 6532.0 7590.0 8479.0 9630.0 
338.0 1398.0 2456.0 3475.0 4504.0 5514.0 5992.0 6534.0 6935.0 7578.0 8639.0 9635.0 
1389.0 2443.0 2954.0 3473.0 4492.0 5528.0 6294.0 6556.0 7559.0 7989.0 8602.0 9626.0 
1425.0 2453.0 3472.0 4492.0 4943.0 5527.0 5893.0 6536.0 7199.0 7552.0 8600.0 9534.0 9931.0 
327.0 1420.0 2447.0 3469.0 3848.0 4491.0 5516.0 6533.0 7557.0 8622.0 9632.0 
309.0 2462.0 3483.0 4497.0 5518.0 6537.0 7561.0 8604.0 9625.0 
359.0 1411.0 2456.0 3479.0 4494.0 5518.0 6520.0 7566.0 8597.0 9630.0 
326.0 1406.0 2448.0 3477.0 4499.0 5518.0 6540.0 7559.0 8590.0 9628.0 
294.0 947.0 1423.0 2448.0 3472.0 4495.0 5159.0 5511.0 6536.0 7625.0 8608.0 9628.0 
1400.0 1855.0 2438.0 3470.0 4502.0 5522.0 6538.0 7576.0 8608.0 9631.0 
335.0 1401.0 1791.0 2451.0 3483.0 4505.0 5520.0 6533.0 7567.0 8607.0 9627.0 
328.0 2460.0 3483.0 4509.0 4892.0 5515.0 6528.0 6982.0 7313.0 7597.0 8603.0 9356.0 9645.0 
308.0 1414.0 2487.0 3478.0 3882.0 4491.0 5512.0 6539.0 7575.0 8600.0 9635.0 
293.0 2452.0 3473.0 5512.0 6541.0 7013.0 7541.0 8604.0 9629.0 
1422.0 2450.0 2914.0 3481.0 4513.0 5522.0 6542.0 7560.0 8487.0 
1399.0 2397.0 3475.0 4506.0 5520.0 6490.0 7562.0 7952.0 8590.0 9631.0 
345.0 2455.0 3481.0 4494.0 5521.0 6530.0 7565.0 8170.0 8584.0 9052.0 9641.0 
343.0 2448.0 3365.0 4494.0 4931.0 5519.0 6538.0 6973.0 7333.0 7858.0 8602.0 9634.0 
1415.0 2453.0 3476.0 4501.0 5525.0 6556.0 7561.0 8601.0 9528.0 
1419.0 2459.0 3468.0 4502.0 5527.0 6540.0 7577.0 8590.0 8982.0 9633.0 
2402.0 3469.0 4501.0 5513.0 5902.0 6534.0 7553.0 8590.0 8979.0 9410.0 
1408.0 2446.0 3478.0 4497.0 5517.0 6530.0 7568.0 8590.0 8950.0 9628.0 
350.0 1421.0 2453.0 3489.0 4494.0 5511.0 6537.0 6973.0 7566.0 8622.0 9627.0 
697.0 1397.0 2441.0 3473.0 4503.0 5516.0 6551.0 6931.0 7553.0 8585.0 9642.0 
326.0 1065.0 1404.0 2455.0 2945.0 3477.0 4497.0 5433.0 6171.0 6538.0 6911.0 7493.0 8586.0 8986.0 9635.0 
329.0 1399.0 2456.0 3483.0 4498.0 5515.0 6538.0 7436.0 8598.0 9642.0 
319.0 2473.0 3388.0 4501.0 5512.0 5925.0 6535.0 7567.0 8595.0 9269.0 9631.0 
306.0 2444.0 3468.0 4503.0 5519.0 6540.0 7565.0 8028.0 8598.0 9623.0 
1402.0 2446.0 3479.0 4494.0 5456.0 6248.0 6541.0 7558.0 8588.0 9620.0 
320.0 1400.0 2458.0 3479.0 4501.0 5519.0 6158.0 6538.0 7564.0 8586.0 9625.0 
345.0 1404.0 2454.0 3481.0 4519.0 5515.0 6526.0 7565.0 8586.0 9075.0 9631.0 
351.0 1403.0 2450.0 3475.0 4496.0 5526.0 6540.0 6964.0 7566.0 8593.0 9259.0 9633.0 
378.0 1380.0 2443.0 3479.0 4490.0 5524.0 6532.0 7602.0 8597.0 9625.0 
298.0 2456.0 3475.0 4498.0 5530.0 6541.0 6974.0 7557.0 8455.0 9630.0 
326.0 1414.0 2438.0 3473.0 3920.0 4501.0 5541.0 6534.0 7562.0 8604.0 9018.0 9628.0 
314.0 1401.0 2451.0 3476.0 4501.0 5529.0 6541.0 6939.0 7300.0 7573.0 8341.0 9644.0 
331.0 1405.0 2441.0 3479.0 4498.0 5514.0 6538.0 6938.0 7574.0 8589.0 9627.0 
349.0 2455.0 3469.0 4504.0 5529.0 6491.0 7515.0 8590.0 9636.0 
326.0 1445.0 2461.0 3480.0 3958.0 4340.0 5528.0 6544.0 7562.0 7930.0 8590.0 9629.0 
366.0 1410.0 2444.0 3471.0 3843.0 4502.0 5514.0 6537.0 7221.0 7556.0 8595.0 9630.0 
323.0 1400.0 2458.0 3482.0 4504.0 5520.0 6038.0 6539.0 7566.0 8616.0 9642.0 
1442.0 2450.0 3485.0 4503.0 5518.0 6560.0 7397.0 8594.0 9648.0 
316.0 2443.0 3463.0 4499.0 5513.0 6533.0 7554.0 8597.0 9627.0 
322.0 1411.0 2445.0 3477.0 4503.0 5525.0 6542.0 7414.0 7863.0 8588.0 9504.0 9863.0 
329.0 2450.0 3468.0 4502.0 5529.0 6539.0 7558.0 8581.0 8906.0 9656.0 
351.0 1427.0 2440.0 3475.0 4496.0 4851.0 5526.0 5945.0 6461.0 7559.0 8583.0 9641.0 
323.0 1401.0 2454.0 3476.0 4511.0 5523.0 6545.0 7059.0 7564.0 8601.0 9650.0 
332.0 1399.0 2333.0 3479.0 4499.0 4909.0 5525.0 6540.0 7557.0 7996.0 8591.0 9653.0 
340.0 2503.0 3487.0 4522.0 5519.0 7268.0 7560.0 8620.0 9625.0 
330.0 2079.0 2447.0 3473.0 4504.0 5182.0 5520.0 7579.0 8301.0 8597.0 9365.0 9637.0 
1405.0 2456.0 3477.0 4492.0 5530.0 6534.0 7426.0 8611.0 9620.0 
344.0 1419.0 2459.0 3475.0 4496.0 5519.0 6537.0 7256.0 7565.0 8601.0 8994.0 9396.0 
1411.0 2091.0 2436.0 3476.0 4489.0 4930.0 5524.0 6563.0 7570.0 8600.0 9000.0 9415.0 
2441.0 3475.0 4507.0 5520.0 6547.0 6981.0 7586.0 8601.0 9629.0 
1413.0 2448.0 3475.0 4488.0 5519.0 5953.0 6532.0 7564.0 8602.0 9612.0 
1405.0 2440.0 3492.0 4497.0 5517.0 6535.0 7571.0 8592.0 9621.0 
334.0 1400.0 2450.0 3470.0 4499.0 5518.0 6531.0 7557.0 8597.0 9628.0 
335.0 1420.0 2448.0 2848.0 3477.0 4503.0 5520.0 6544.0 6969.0 7566.0 8439.0 
1477.0 2443.0 3481.0 4502.0 5514.0 6535.0 7566.0 8592.0 9636.0 
317.0 1396.0 2451.0 3477.0 4506.0 5552.0 6554.0 7567.0 7995.0 8601.0 9008.0 9389.0 
1396.0 2454.0 3484.0 4499.0 5522.0 6537.0 6911.0 7543.0 8614.0 9060.0 9437.0 
1408.0 1970.0 2446.0 3297.0 4499.0 5513.0 6540.0 7467.0 8587.0 9629.0 
329.0 1407.0 2455.0 2805.0 3470.0 4500.0 5546.0 6535.0 6924.0 7564.0 8615.0 9572.0 
315.0 2465.0 3481.0 4519.0 5538.0 6133.0 6538.0 7563.0 8000.0 8402.0 8850.0 9672.0 
742.0 1193.0 1762.0 2570.0 3817.0 4835.0 5856.0 6878.0 7906.0 9783.0 
707.0 2800.0 3809.0 4831.0 5862.0 6283.0 6887.0 7926.0 8950.0 9395.0 9796.0 
1760.0 2793.0 3831.0 4842.0 5864.0 6884.0 7903.0 8952.0 9973.0 
690.0 1764.0 2791.0 3461.0 3813.0 4837.0 5855.0 6879.0 7924.0 8935.0 9973.0 
1456.0 1771.0 2808.0 3819.0 4833.0 5869.0 6382.0 6888.0 7909.0 8948.0 9968.0 
724.0 1756.0 2827.0 3812.0 4841.0 5300.0 5860.0 6878.0 7913.0 8984.0 9989.0 
976.0 1760.0 2802.0 3807.0 4189.0 4848.0 5862.0 6887.0 7908.0 8937.0 9961.0 
679.0 1424.0 1769.0 2794.0 3815.0 4838.0 5861.0 6881.0 7908.0 8341.0 8760.0 9993.0 
696.0 1790.0 2788.0 3815.0 4835.0 5859.0 6889.0 7946.0 8954.0 9971.0 
108.0 681.0 1756.0 2792.0 3815.0 4840.0 5598.0 5874.0 6878.0 7914.0 9979.0 
2790.0 3818.0 4843.0 5855.0 6880.0 7915.0 8930.0 9973.0 
696.0 1776.0 2731.0 3819.0 4837.0 5886.0 6875.0 7944.0 8937.0 9991.0 
691.0 1796.0 2797.0 3807.0 4836.0 5864.0 6880.0 7911.0 8931.0 9969.0 
1756.0 2440.0 2791.0 3842.0 4844.0 5855.0 6884.0 7898.0 8940.0 9974.0 
723.0 1796.0 2797.0 3825.0 4839.0 5856.0 6884.0 7907.0 9912.0 
699.0 1794.0 2815.0 3822.0 4835.0 5301.0 5857.0 6332.0 6884.0 7898.0 8955.0 9344.0 9972.0 
675.0 1821.0 2795.0 3825.0 4481.0 4828.0 5849.0 6872.0 7334.0 7902.0 8958.0 9372.0 9978.0 
1769.0 2796.0 3811.0 4249.0 4832.0 5864.0 6877.0 7860.0 8920.0 9306.0 9978.0 
677.0 1748.0 2794.0 3825.0 4821.0 5869.0 6882.0 7917.0 8329.0 8940.0 9982.0 
746.0 1760.0 2784.0 3822.0 4841.0 5232.0 5861.0 6228.0 6714.0 7840.0 8941.0 9985.0 
692.0 2793.0 3817.0 4833.0 5855.0 6320.0 6882.0 7914.0 8936.0 9561.0 9990.0 
661.0 1784.0 2789.0 3815.0 4838.0 5863.0 6881.0 7305.0 7888.0 8935.0 9981.0 
1755.0 2790.0 3818.0 4839.0 5850.0 6855.0 8935.0 9973.0 
683.0 1759.0 2167.0 2819.0 3817.0 4832.0 5859.0 6784.0 7908.0 8332.0 8929.0 9772.0 
1759.0 2794.0 3825.0 4837.0 5856.0 6879.0 7894.0 8937.0 9973.0 
694.0 1761.0 2180.0 2802.0 3816.0 4828.0 5859.0 6881.0 7897.0 8929.0 
697.0 1755.0 2814.0 3811.0 4233.0 4839.0 5852.0 6869.0 7916.0 8772.0 9143.0 9972.0 
1772.0 2798.0 3754.0 4831.0 5857.0 6872.0 7898.0 8868.0 9990.0 
703.0 1772.0 2808.0 3819.0 4835.0 5856.0 6872.0 7906.0 8946.0 9983.0 
711.0 1763.0 2837.0 3504.0 3824.0 4836.0 5861.0 6369.0 6869.0 7914.0 8527.0 8948.0 9343.0 9981.0 
1754.0 2799.0 3821.0 4846.0 5854.0 6257.0 6881.0 7904.0 8666.0 8953.0 9354.0 9988.0 
697.0 1759.0 2793.0 3205.0 3820.0 4230.0 4848.0 5852.0 6876.0 7908.0 8946.0 9372.0 9971.0 
1772.0 2796.0 3811.0 4847.0 5866.0 6887.0 7927.0 8945.0 9977.0 
541.0 1757.0 2791.0 3821.0 4840.0 5535.0 5858.0 6884.0 7917.0 8936.0 9978.0 
680.0 1783.0 2791.0 3817.0 4778.0 5863.0 6879.0 7818.0 8942.0 9669.0 9974.0 
1785.0 2795.0 3823.0 4852.0 5851.0 6901.0 7901.0 8935.0 9361.0 9754.0 
687.0 1783.0 2792.0 3664.0 4833.0 5864.0 6881.0 7910.0 8935.0 9984.0 
755.0 1770.0 2784.0 3828.0 4343.0 4841.0 5854.0 6246.0 6887.0 7903.0 8942.0 9965.0 
1738.0 2796.0 3823.0 4834.0 5252.0 5862.0 6889.0 7901.0 8949.0 9982.0 
702.0 1786.0 2789.0 3828.0 4848.0 5855.0 6878.0 7904.0 8298.0 8938.0 9970.0 
1760.0 2791.0 3820.0 4832.0 5855.0 6226.0 6880.0 7899.0 8361.0 8924.0 9976.0 
690.0 1765.0 2795.0 3819.0 4279.0 4838.0 5857.0 6396.0 6869.0 7913.0 8949.0 9987.0 
1745.0 2786.0 3842.0 4837.0 5864.0 6753.0 7905.0 8285.0 8935.0 9986.0 
673.0 1764.0 2790.0 3816.0 4836.0 5862.0 6891.0 7320.0 7912.0 8936.0 9989.0 
695.0 2799.0 3812.0 4839.0 5861.0 6885.0 7279.0 7679.0 8401.0 8948.0 9988.0 
703.0 1751.0 2818.0 3825.0 4837.0 5228.0 5866.0 6330.0 6879.0 7908.0 8934.0 9316.0 9977.0 
685.0 1756.0 2129.0 2788.0 3825.0 4840.0 5857.0 6252.0 6886.0 7902.0 8941.0 
680.0 1765.0 2791.0 3816.0 5851.0 6881.0 7216.0 7915.0 8767.0 9972.0 
2247.0 2804.0 3184.0 3810.0 4837.0 5865.0 6877.0 7911.0 8511.0 9976.0 
1768.0 2787.0 3814.0 4837.0 5853.0 6876.0 7923.0 8319.0 9971.0 
1766.0 2797.0 3817.0 4825.0 5577.0 5869.0 6879.0 7897.0 8957.0 
1763.0 2789.0 3845.0 4840.0 5855.0 6205.0 6896.0 7920.0 8939.0 9966.0 
678.0 1761.0 2795.0 3257.0 3814.0 4842.0 5870.0 6878.0 7946.0 8932.0 9877.0 
1776.0 2789.0 3241.0 3822.0 4841.0 5203.0 5840.0 6806.0 7883.0 8303.0 9002.0 9972.0 
1753.0 2798.0 3570.0 3856.0 4252.0 4846.0 5857.0 6884.0 7911.0 8946.0 9969.0 
700.0 1752.0 2800.0 3809.0 4834.0 5857.0 6858.0 7309.0 7680.0 8936.0 9974.0 
692.0 1750.0 3798.0 4832.0 5862.0 6266.0 6881.0 7915.0 8953.0 9981.0 
691.0 1366.0 1757.0 2794.0 3711.0 4241.0 4836.0 5876.0 6883.0 7907.0 9986.0 
1763.0 3811.0 4225.0 4835.0 5860.0 6870.0 7917.0 8929.0 9304.0 9975.0 
113.0 702.0 3809.0 4244.0 4838.0 5870.0 6882.0 7901.0 8679.0 8936.0 9976.0 
675.0 1760.0 2188.0 2789.0 3818.0 4834.0 5853.0 6411.0 6883.0 7318.0 7907.0 8940.0 
680.0 1761.0 2472.0 2795.0 3826.0 4832.0 5854.0 6872.0 7910.0 8933.0 9395.0 9760.0 
684.0 1147.0 1738.0 2808.0 3811.0 4552.0 4841.0 5865.0 6874.0 7926.0 8942.0 9408.0 9753.0 
701.0 2785.0 3814.0 4840.0 5858.0 6877.0 7279.0 7912.0 8939.0 
703.0 2795.0 3812.0 4845.0 5863.0 6883.0 7905.0 8300.0 8917.0 9993.0 
1769.0 2793.0 3823.0 4837.0 5869.0 6877.0 7921.0 8374.0 8955.0 9367.0 9982.0 
688.0 1623.0 2222.0 2787.0 3810.0 4835.0 5850.0 6877.0 7918.0 8937.0 9986.0 
1763.0 2803.0 3819.0 4836.0 5858.0 6280.0 6873.0 7640.0 7916.0 9963.0 
1753.0 2782.0 3815.0 4523.0 4840.0 5861.0 6879.0 7331.0 7909.0 8262.0 8935.0 
689.0 1763.0 2791.0 3818.0 4834.0 5235.0 5679.0 7908.0 8949.0 9979.0 
723.0 1758.0 2791.0 3828.0 4505.0 4837.0 5855.0 6885.0 7903.0 8657.0 8949.0 9973.0 
99.0 686.0 1756.0 2797.0 3812.0 4848.0 5302.0 5863.0 6868.0 7932.0 8941.0 9978.0 
713.0 1758.0 2779.0 3827.0 4840.0 5860.0 6247.0 6870.0 7278.0 7898.0 8946.0 9999.0 
692.0 1752.0 2799.0 3837.0 4834.0 5869.0 6875.0 7325.0 7908.0 8959.0 9439.0 9980.0 
680.0 1765.0 2799.0 3818.0 4840.0 5355.0 5780.0 6696.0 7902.0 8941.0 9965.0 
1758.0 2789.0 3821.0 4839.0 5277.0 5862.0 6896.0 7929.0 8938.0 9994.0 
665.0 1767.0 2796.0 3819.0 4843.0 5869.0 6420.0 6877.0 7921.0 8933.0 9983.0 
683.0 1751.0 2787.0 3817.0 4849.0 5225.0 5869.0 6872.0 7281.0 7898.0 8936.0 9969.0 
701.0 1776.0 2806.0 3805.0 4834.0 5867.0 6890.0 7913.0 8940.0 9975.0 
735.0 1757.0 2808.0 3815.0 4859.0 5865.0 6900.0 8941.0 9982.0 
686.0 1769.0 2783.0 3827.0 4843.0 6881.0 7922.0 8932.0 9986.0 
705.0 1762.0 2784.0 3824.0 4855.0 5865.0 6836.0 7910.0 8939.0 9983.0 
689.0 1803.0 2794.0 3826.0 4840.0 5329.0 5866.0 6256.0 6881.0 7310.0 7911.0 8941.0 9330.0 9981.0 
718.0 2788.0 3839.0 4845.0 5853.0 6872.0 7320.0 7923.0 8938.0 9987.0 
693.0 1750.0 2793.0 3813.0 4847.0 5858.0 6880.0 7351.0 7914.0 8936.0 9981.0 
1755.0 2785.0 3805.0 4257.0 4844.0 5862.0 6884.0 7320.0 7906.0 8933.0 9635.0 9968.0 
672.0 1752.0 2804.0 3821.0 4842.0 5268.0 5863.0 6764.0 8928.0 9974.0 
670.0 1778.0 2798.0 3812.0 4185.0 4839.0 5860.0 6302.0 6896.0 7861.0 8616.0 8933.0 9362.0 9975.0 
1748.0 2786.0 3819.0 4842.0 5864.0 6879.0 7943.0 8947.0 9325.0 9967.0 
695.0 1764.0 2810.0 3823.0 4268.0 4842.0 5858.0 6876.0 7321.0 7901.0 8935.0 9997.0 
1799.0 2772.0 3824.0 4837.0 5858.0 6887.0 7396.0 7915.0 8956.0 9981.0 
674.0 1762.0 2807.0 3810.0 4842.0 5858.0 6876.0 7895.0 8930.0 9364.0 9981.0 
1754.0 2822.0 3819.0 4835.0 5285.0 5858.0 6875.0 7894.0 8937.0 9328.0 9977.0 
670.0 1756.0 2780.0 3819.0 4833.0 5863.0 6878.0 7910.0 8926.0 9977.0 
688.0 1765.0 2797.0 3826.0 4266.0 4840.0 5861.0 6886.0 7902.0 8955.0 9404.0 
1755.0 2789.0 3817.0 4841.0 5872.0 6881.0 7890.0 8931.0 9978.0 
692.0 2792.0 3819.0 4665.0 5883.0 6880.0 7906.0 8746.0 9961.0 
704.0 1771.0 2795.0 3236.0 3824.0 4838.0 5571.0 5868.0 6879.0 7931.0 8914.0 9987.0 
738.0 1756.0 2793.0 3817.0 4836.0 5856.0 6268.0 6631.0 6912.0 7334.0 7909.0 8260.0 8853.0 9972.0 
679.0 1770.0 2796.0 3821.0 4842.0 5516.0 5859.0 6877.0 7269.0 7920.0 8941.0 
1060.0 2109.0 3136.0 4166.0 5177.0 6202.0 6775.0 7213.0 8244.0 9279.0 
2109.0 2482.0 3166.0 4164.0 5172.0 6196.0 7226.0 8252.0 9029.0 
1083.0 2103.0 3137.0 4161.0 5174.0 6207.0 7193.0 8252.0 9289.0 
2112.0 3134.0 4158.0 4571.0 5172.0 5638.0 6197.0 7217.0 7678.0 8244.0 9303.0 
1028.0 2101.0 3145.0 4155.0 5172.0 6199.0 6961.0 7246.0 7668.0 8272.0 8768.0 9160.0 
99.0 2102.0 3133.0 4165.0 5183.0 5650.0 6207.0 7216.0 8267.0 9177.0 9595.0 
2107.0 3145.0 4162.0 5179.0 6188.0 7216.0 8250.0 9296.0 
1068.0 2113.0 3136.0 4156.0 5173.0 6201.0 6909.0 7218.0 8261.0 9279.0 
1043.0 2113.0 3133.0 4162.0 5177.0 5583.0 6169.0 7215.0 8210.0 
1052.0 2111.0 3142.0 4160.0 5183.0 6203.0 7226.0 8250.0 8672.0 9033.0 9319.0 
2100.0 3128.0 4160.0 5175.0 6196.0 7226.0 8251.0 9277.0 9715.0 
2096.0 3138.0 4156.0 5177.0 6196.0 6580.0 7221.0 8256.0 9296.0 9679.0 
2115.0 3136.0 4161.0 5160.0 6198.0 7236.0 8253.0 9292.0 
1061.0 2105.0 3132.0 4163.0 4609.0 5028.0 5922.0 6205.0 7230.0 8244.0 9282.0 
1055.0 2123.0 3129.0 3897.0 4174.0 5194.0 6187.0 7219.0 8024.0 9287.0 
2112.0 3145.0 4160.0 5177.0 6194.0 7224.0 8250.0 9257.0 
1069.0 2147.0 3136.0 4158.0 5179.0 5538.0 6198.0 6636.0 7235.0 7638.0 8255.0 9274.0 
2110.0 3136.0 4159.0 5195.0 6194.0 7218.0 8274.0 9293.0 
1038.0 2116.0 3133.0 4159.0 5180.0 6197.0 7233.0 8252.0 9156.0 
1049.0 2147.0 3126.0 4157.0 5189.0 6197.0 7232.0 8306.0 9272.0 9761.0 
1042.0 2122.0 3135.0 3592.0 4156.0 5172.0 6199.0 6602.0 7221.0 9304.0 
2105.0 3143.0 4163.0 5174.0 6195.0 7564.0 8252.0 8685.0 9273.0 
1026.0 2141.0 3136.0 4156.0 4556.0 5178.0 6196.0 7220.0 8241.0 8674.0 9280.0 9668.0 
1038.0 2108.0 2969.0 4152.0 4591.0 5180.0 5540.0 6215.0 6579.0 7224.0 8249.0 8630.0 9271.0 9716.0 
1044.0 2849.0 3136.0 5230.0 6198.0 7224.0 8262.0 9278.0 
1042.0 2112.0 3143.0 4157.0 5172.0 6199.0 7225.0 8254.0 
1083.0 2107.0 3141.0 4158.0 5174.0 6204.0 6547.0 7214.0 8252.0 9279.0 
1042.0 1477.0 2113.0 3146.0 4157.0 5176.0 6201.0 7217.0 8143.0 9282.0 
1055.0 3140.0 4161.0 5176.0 6204.0 6593.0 7220.0 8253.0 9285.0 
1046.0 2118.0 3144.0 4151.0 4832.0 5175.0 6177.0 7246.0 8293.0 9282.0 
1036.0 2108.0 3144.0 4177.0 5174.0 5575.0 6196.0 7227.0 8307.0 9302.0 9672.0 
1049.0 3135.0 4168.0 4609.0 5178.0 6209.0 7214.0 7621.0 8265.0 9167.0 
3150.0 4051.0 4609.0 5182.0 5616.0 6197.0 7202.0 8240.0 9019.0 9288.0 
1037.0 2109.0 3137.0 4091.0 5177.0 6197.0 7220.0 8258.0 9029.0 9310.0 9771.0 
1066.0 1500.0 2123.0 3129.0 4164.0 5189.0 6197.0 7248.0 9282.0 
2103.0 3134.0 4158.0 4698.0 5168.0 6201.0 7207.0 8249.0 
1051.0 2110.0 3129.0 4157.0 4588.0 5180.0 6240.0 7238.0 8248.0 8603.0 9272.0 9677.0 
1048.0 2104.0 3128.0 4165.0 5179.0 6185.0 7211.0 8267.0 9284.0 
2101.0 3138.0 3574.0 4172.0 4592.0 5178.0 5604.0 6197.0 7218.0 8264.0 9286.0 9683.0 
1056.0 2100.0 3129.0 4155.0 4551.0 5182.0 6204.0 6584.0 7212.0 8254.0 9278.0 
1052.0 2113.0 3126.0 4168.0 4612.0 5174.0 6195.0 6592.0 7232.0 8263.0 8735.0 9109.0 
2112.0 3138.0 4157.0 5180.0 6196.0 6621.0 7219.0 7700.0 8240.0 8938.0 9274.0 
1028.0 1833.0 3126.0 4150.0 5177.0 6201.0 7227.0 8252.0 9313.0 
1036.0 2107.0 3127.0 4167.0 5171.0 6092.0 7230.0 8246.0 9283.0 9953.0 
1039.0 2125.0 3136.0 4171.0 5175.0 6222.0 7217.0 7639.0 8252.0 8656.0 9274.0 
1052.0 2097.0 3139.0 4165.0 5182.0 5649.0 6199.0 7217.0 8251.0 9291.0 
2109.0 3136.0 4137.0 5185.0 6194.0 7220.0 8256.0 9285.0 
1048.0 2118.0 3143.0 4162.0 5175.0 6192.0 6602.0 7041.0 8252.0 9310.0 
1071.0 1681.0 2111.0 3137.0 4155.0 5169.0 6196.0 6572.0 7246.0 8019.0 9279.0 
1041.0 3131.0 4149.0 5179.0 6192.0 7221.0 7649.0 8254.0 8794.0 9191.0 
1054.0 2094.0 3158.0 3925.0 4637.0 5183.0 6215.0 7215.0 7613.0 8253.0 9282.0 9650.0 
1081.0 2114.0 4154.0 5174.0 6202.0 7221.0 8250.0 9300.0 
1072.0 2107.0 3137.0 4160.0 5179.0 6195.0 7222.0 7769.0 8261.0 9280.0 
1037.0 1445.0 2098.0 3131.0 4162.0 4795.0 5178.0 6207.0 7221.0 8148.0 9280.0 
2108.0 3138.0 4164.0 4898.0 5186.0 6208.0 7221.0 8248.0 8661.0 9278.0 
2114.0 3145.0 4157.0 5191.0 6199.0 7219.0 8248.0 9295.0 
1131.0 2113.0 3145.0 4161.0 5201.0 6203.0 7223.0 8252.0 9277.0 
1063.0 2094.0 3138.0 4151.0 4548.0 5185.0 6203.0 7218.0 8258.0 9278.0 9654.0 
102.0 1075.0 2106.0 3133.0 4157.0 5028.0 6194.0 7216.0 8263.0 8630.0 9279.0 9658.0 
1045.0 2141.0 3134.0 4157.0 5178.0 6196.0 7222.0 8242.0 8704.0 9282.0 
2089.0 3137.0 4153.0 5179.0 6197.0 7234.0 8257.0 8753.0 9280.0 
102.0 1330.0 2136.0 3134.0 3930.0 5182.0 6195.0 7218.0 7626.0 8256.0 8713.0 
1066.0 2104.0 3133.0 4158.0 5179.0 6195.0 7222.0 8250.0 9284.0 9713.0 
1038.0 1452.0 2111.0 3151.0 3828.0 4153.0 5175.0 6201.0 7221.0 8263.0 9294.0 
1083.0 2109.0 3155.0 4163.0 5202.0 5640.0 6206.0 7221.0 7633.0 8239.0 8589.0 9281.0 
2113.0 3130.0 4166.0 5170.0 6203.0 6564.0 7221.0 7729.0 8262.0 8685.0 9285.0 
1043.0 2112.0 3130.0 3580.0 4170.0 5176.0 6199.0 6599.0 7224.0 8252.0 9283.0 
1125.0 2098.0 3131.0 4165.0 5172.0 6194.0 7238.0 8249.0 8625.0 9289.0 
1042.0 2138.0 3133.0 4158.0 5180.0 6199.0 7229.0 8275.0 8676.0 9292.0 
1076.0 2102.0 3137.0 4152.0 5179.0 6218.0 7222.0 8248.0 9290.0 
1038.0 2114.0 3124.0 4151.0 5171.0 6194.0 7211.0 7698.0 8243.0 9274.0 
760.0 1765.0 2105.0 2495.0 3131.0 4153.0 5178.0 6184.0 7232.0 8238.0 9286.0 9793.0 
1077.0 2102.0 3141.0 4169.0 5178.0 5917.0 6203.0 7225.0 8249.0 9285.0 
1050.0 2102.0 3139.0 4151.0 5179.0 5604.0 6202.0 7221.0 8250.0 8637.0 9290.0 9963.0 
1057.0 2098.0 3145.0 4158.0 5185.0 6195.0 8259.0 9279.0 
2112.0 3135.0 4151.0 4565.0 5180.0 6198.0 7220.0 8245.0 9291.0 
2094.0 3131.0 4169.0 5026.0 5768.0 6200.0 7231.0 8255.0 9301.0 
1059.0 2108.0 3128.0 3807.0 4164.0 5180.0 6197.0 7215.0 8257.0 9284.0 
2103.0 3142.0 4163.0 5180.0 6210.0 7215.0 8248.0 9294.0 
2100.0 3134.0 4158.0 5182.0 6191.0 7213.0 8245.0 9285.0 
2125.0 3154.0 4158.0 5179.0 6192.0 7226.0 8869.0 9272.0 
1038.0 2110.0 3123.0 5177.0 6202.0 6603.0 7245.0 7637.0 8240.0 9284.0 
2100.0 3145.0 4171.0 5187.0 6204.0 7217.0 8248.0 9274.0 9724.0 
1026.0 2100.0 3136.0 4166.0 5163.0 7215.0 8133.0 9288.0 9664.0 
1055.0 2103.0 3151.0 4174.0 5176.0 6195.0 7079.0 8248.0 9122.0 9506.0 
1063.0 2087.0 2818.0 3132.0 4153.0 5178.0 6172.0 6601.0 7247.0 8507.0 9319.0 
1049.0 1401.0 2117.0 3138.0 3579.0 4171.0 5197.0 6200.0 7205.0 8245.0 9080.0 
1035.0 2108.0 2966.0 4155.0 5181.0 6198.0 7229.0 7645.0 8250.0 8994.0 9290.0 
1053.0 2106.0 3130.0 4157.0 5193.0 6190.0 7222.0 7675.0 8256.0 9281.0 
2107.0 3131.0 3562.0 4161.0 5180.0 6199.0 6649.0 7212.0 8245.0 9292.0 9703.0 
2111.0 3126.0 4159.0 4642.0 5177.0 6198.0 7112.0 8254.0 9331.0 
915.0 2108.0 2980.0 4160.0 5179.0 5625.0 6209.0 7225.0 8259.0 9284.0 
1029.0 2110.0 3126.0 3530.0 4160.0 5177.0 6196.0 7111.0 8259.0 9262.0 
1058.0 2114.0 3135.0 4165.0 5171.0 6204.0 7223.0 8251.0 9295.0 9705.0 
1067.0 2117.0 4163.0 5185.0 6198.0 7226.0 8259.0 8645.0 9279.0 
1050.0 2102.0 3130.0 4154.0 5196.0 6240.0 6599.0 7229.0 8827.0 9723.0 
1033.0 2111.0 3076.0 4159.0 5185.0 6194.0 7231.0 7660.0 8260.0 8981.0 9280.0 
1047.0 2107.0 3133.0 4168.0 4601.0 5209.0 6199.0 7215.0 8092.0 9274.0 9971.0 
2102.0 3133.0 4158.0 5181.0 6197.0 7233.0 7997.0 8277.0 9284.0 
2119.0 3128.0 4166.0 5176.0 6204.0 7212.0 8250.0 9282.0 9656.0 
